[gd_scene load_steps=13 format=3 uid="uid://dc050cjfq6j4r"]

[ext_resource type="Script" uid="uid://brv6562apqbhl" path="res://Player/player.gd" id="1_l8h54"]
[ext_resource type="Script" uid="uid://chj7emt1wnnf4" path="res://Player/smooth_camera_arm.gd" id="2_4ntmi"]
[ext_resource type="PackedScene" uid="uid://kha3rtcnssdw" path="res://Player/health_component.tscn" id="2_k53q1"]
[ext_resource type="Script" uid="uid://c4c0q3eum17qp" path="res://Resources/character_status.gd" id="2_od3ui"]
[ext_resource type="PackedScene" uid="uid://ch1vyjkdj16m8" path="res://Player/rig.tscn" id="3_btcbx"]
[ext_resource type="PackedScene" uid="uid://bec83nfv1tvdi" path="res://Player/dash.tscn" id="3_vtle1"]
[ext_resource type="Script" uid="uid://dqunvt3yt1o7a" path="res://Player/attack_cast.gd" id="4_gwnis"]
[ext_resource type="PackedScene" uid="uid://cucy6cmf83ctc" path="res://Player/area_attack.tscn" id="6_fhl08"]
[ext_resource type="PackedScene" uid="uid://bmrtrhg0x8qgx" path="res://UserInterface/user_interface.tscn" id="9_00tjw"]

[sub_resource type="Resource" id="Resource_00tjw"]
script = ExtResource("2_od3ui")
metadata/_custom_type_script = "uid://c4c0q3eum17qp"

[sub_resource type="CapsuleShape3D" id="CapsuleShape3D_hvfyp"]

[sub_resource type="SeparationRayShape3D" id="SeparationRayShape3D_l8h54"]

[node name="Player" type="CharacterBody3D" groups=["Player"]]
collision_layer = 5
script = ExtResource("1_l8h54")
stats = SubResource("Resource_00tjw")

[node name="HealthComponent" parent="." node_paths=PackedStringArray("body") instance=ExtResource("2_k53q1")]
body = NodePath("..")

[node name="CollisionShape3D" type="CollisionShape3D" parent="."]
shape = SubResource("CapsuleShape3D_hvfyp")

[node name="SmoothCameraArm" type="SpringArm3D" parent="." node_paths=PackedStringArray("target")]
transform = Transform3D(1, 0, 0, 0, 0.90630776, 0.42261827, 0, -0.42261827, 0.90630776, 0, 0, 0)
shape = SubResource("SeparationRayShape3D_l8h54")
spring_length = 4.0
script = ExtResource("2_4ntmi")
target = NodePath("../HorizontalPivot/VerticalPivot")

[node name="Camera3D" type="Camera3D" parent="SmoothCameraArm"]

[node name="HorizontalPivot" type="Node3D" parent="."]

[node name="VerticalPivot" type="Node3D" parent="HorizontalPivot"]

[node name="RigPivot" type="Node3D" parent="."]
transform = Transform3D(1, 0, 0, 0, 1, 0, 0, 0, 1, 0, -1, 0)

[node name="Rig" parent="RigPivot" instance=ExtResource("3_btcbx")]

[node name="Skeleton3D" parent="RigPivot/Rig/CharacterRig/GameRig" index="0"]
bones/0/position = Vector3(7.0136852e-15, 0.8953501, -0.048173547)
bones/2/rotation = Quaternion(-0.002965428, -0.0004342928, 0.003215145, 0.99999034)
bones/3/rotation = Quaternion(-0.09748689, -0.00039301525, 0.008519405, 0.99520034)
bones/4/rotation = Quaternion(0.27806103, 1.4658022e-08, 9.4204616e-08, 0.9605635)
bones/6/rotation = Quaternion(-0.15495196, -1.1761983e-07, -1.9427228e-08, 0.987922)
bones/7/position = Vector3(-2.6721557e-08, 0.89535, -0.048173457)
bones/8/position = Vector3(-4.754456e-08, 0.89535, -0.048173513)
bones/9/position = Vector3(0.13114364, 0.9615543, -0.035129093)
bones/9/rotation = Quaternion(0.99280655, 0.020979492, -0.030898806, 0.11375613)
bones/11/rotation = Quaternion(0.4250921, -0.000700657, 0.0003292118, 0.9051499)
bones/13/rotation = Quaternion(-0.75369537, 0.011893211, 0.02441545, 0.6566625)
bones/15/position = Vector3(-0.1311437, 0.9615543, -0.035129108)
bones/15/rotation = Quaternion(0.9726738, -0.0058802115, 0.027253944, 0.23049611)
bones/17/rotation = Quaternion(0.4488381, 0.0033186898, -0.0016670194, 0.8936054)
bones/19/rotation = Quaternion(-0.69019115, -0.028203215, -0.0005910916, 0.7230771)
bones/21/position = Vector3(0.025128616, 1.4256027, 0.041801166)
bones/21/rotation = Quaternion(-0.49572992, -0.25697958, -0.39827216, 0.7277312)
bones/22/position = Vector3(0.18815541, 1.4621865, -0.025460519)
bones/22/rotation = Quaternion(0.053154297, -0.1591845, 0.97426736, -0.15045948)
bones/23/rotation = Quaternion(7.69311e-08, -0.013262173, 7.41255e-09, 0.99991214)
bones/24/rotation = Quaternion(0.29283118, -0.013262841, -0.017810516, 0.95590633)
bones/46/position = Vector3(-0.011363526, 1.4256028, 0.041801143)
bones/46/rotation = Quaternion(-0.516558, 0.21458161, 0.3692361, 0.74215055)
bones/47/position = Vector3(-0.165599, 1.4625621, -0.043547504)
bones/47/rotation = Quaternion(-0.08367609, -0.1353744, 0.97252005, 0.16993187)
bones/48/rotation = Quaternion(-7.3659486e-08, 0.0078039574, -1.1618234e-07, 0.99996954)
bones/49/rotation = Quaternion(0.32475382, 0.007804407, 0.028865894, 0.94532585)
bones/71/position = Vector3(0.12719111, 1.3437452, -0.026578108)
bones/71/rotation = Quaternion(1.9195971e-08, 0.6146861, 0.7887719, -4.6479258e-08)
bones/72/position = Vector3(-0.113425955, 1.3437452, -0.026578134)
bones/72/rotation = Quaternion(1.9201599e-08, 0.61460567, 0.78883463, -4.6476096e-08)

[node name="RightHandBone" parent="RigPivot/Rig" index="2"]
transform = Transform3D(-0.96234274, -0.2708026, -0.023713754, 0.24290556, -0.8958004, 0.37220803, -0.1220377, 0.35243157, 0.92784613, -0.33941573, 0.9794052, -0.035942227)

[node name="LeftHandBone" parent="RigPivot/Rig" index="3"]
transform = Transform3D(-0.97051346, 0.2391083, 0.03052118, -0.22278674, -0.9381126, 0.26516238, 0.09203487, 0.25054383, 0.96372044, 0.344966, 0.9679127, -0.05305399)

[node name="RayAttachment" type="BoneAttachment3D" parent="RigPivot/Rig"]
transform = Transform3D(-0.96234274, -0.2708026, -0.023713754, 0.24290556, -0.8958004, 0.37220803, -0.1220377, 0.35243157, 0.92784613, -0.33941573, 0.9794052, -0.035942227)
bone_name = "DEF-hand.R"
bone_idx = 51
use_external_skeleton = true
external_skeleton = NodePath("../CharacterRig/GameRig/Skeleton3D")

[node name="AttackCast" type="RayCast3D" parent="RigPivot/Rig/RayAttachment"]
unique_name_in_owner = true
transform = Transform3D(-3.809701e-09, 4.3545054e-08, 1, 0.9961947, 0.087155804, 0, -0.087155804, 0.9961947, -4.371139e-08, -0.03, 0.075, -0.05)
target_position = Vector3(0, 1, 0)
collision_mask = 8
script = ExtResource("4_gwnis")

[node name="AreaAttack" parent="RigPivot" instance=ExtResource("6_fhl08")]
transform = Transform3D(1, 0, 0, 0, 1, 0, 0, 0, 1, 0, 1, 1)
collision_mask = 8

[node name="Dash" parent="RigPivot" node_paths=PackedStringArray("player") instance=ExtResource("3_vtle1")]
transform = Transform3D(1, 0, 0, 0, 1, 0, 0, 0, 1, 0, 0.048193872, 0)
player = NodePath("../..")

[node name="UserInterface" parent="." node_paths=PackedStringArray("player") instance=ExtResource("9_00tjw")]
player = NodePath("..")

[connection signal="defeat" from="HealthComponent" to="." method="_on_health_component_defeat"]
[connection signal="health_changed" from="HealthComponent" to="UserInterface" method="update_health"]
[connection signal="heavy_attack" from="RigPivot/Rig" to="." method="_on_rig_heavy_attack"]

[editable path="RigPivot/Rig"]
[editable path="RigPivot/Rig/CharacterRig"]
